13 2 2 50
12  7  3  4  11  12  9  10  8  2  1  5  6 
12  7  3  8  10  0  4  2  5  12  9  6  11 
12  6  11  8  10  12  0  3  5  1  9  7  4 
12  12  4  10  6  9  11  2  0  8  7  5  1 
12  10  11  12  7  0  6  2  5  3  1  9  8 
12  9  7  8  10  2  6  4  11  0  3  12  1 
12  12  5  4  7  3  2  0  11  1  10  8  9 
12  11  4  5  3  6  10  1  8  12  0  9  2 
12  4  12  5  6  7  11  2  1  0  3  10  9 
12  8  4  2  10  1  6  7  0  3  5  12  11 
12  9  7  11  5  8  0  2  12  1  3  4  6 
12  6  1  10  9  7  8  2  5  0  3  4  12 
12  6  9  11  2  4  0  8  7  5  10  3  1 
