15 2 2 50
14  7  2  1  3  12  6  11  13  4  10  5  9  14  8 
14  14  12  7  0  2  4  11  3  13  9  10  8  5  6 
14  10  9  6  8  7  0  1  13  3  12  4  11  14  5 
14  0  5  7  14  1  8  4  9  10  6  11  2  13  12 
14  7  2  6  8  5  12  9  13  10  14  0  3  11  1 
14  6  1  8  3  14  13  4  11  10  9  12  0  7  2 
14  8  2  4  0  5  1  3  12  10  9  11  14  7  13 
14  10  6  11  0  4  8  3  12  5  9  1  2  13  14 
14  2  1  10  0  11  9  13  7  5  6  14  3  4  12 
14  0  6  3  2  12  5  1  10  7  4  8  13  11  14 
14  11  4  2  14  6  8  3  1  5  9  13  12  0  7 
14  8  1  6  4  5  9  0  13  3  10  14  2  7  12 
14  6  4  7  1  13  5  10  14  8  3  0  2  9  11 
14  3  11  8  14  10  7  2  5  1  12  9  6  4  0 
14  1  4  12  7  0  6  2  5  8  11  10  13  9  3 
