14 2 2 50
13  11  10  4  7  13  5  2  8  9  12  3  1  6 
13  8  11  4  0  10  7  6  5  9  12  3  13  2 
13  7  12  4  9  0  10  6  8  11  13  5  1  3 
13  10  1  5  2  6  7  0  8  11  9  13  4  12 
13  10  12  1  11  9  3  0  2  5  13  6  8  7 
13  10  2  6  12  9  13  11  4  3  7  0  1  8 
13  5  1  13  9  3  7  0  2  10  8  11  4  12 
13  1  13  5  9  12  6  10  11  2  0  8  3  4 
13  5  4  2  11  9  3  12  10  0  7  13  6  1 
13  4  3  8  1  6  11  0  2  10  5  7  13  12 
13  4  7  3  0  5  8  2  13  12  6  1  9  11 
13  8  3  7  9  4  0  12  2  6  5  1  13  10 
13  13  2  8  7  6  1  0  4  3  10  11  9  5 
13  10  9  0  8  11  5  7  3  4  12  6  2  1 
